Id,target
0,-27.947815411269357
1,76.99859804597293
2,-5.01484936088991
3,7.430619556371358
4,118.04440407032965
5,210.59018774336744
6,-28.778508070966137
7,-56.66526372007698
8,147.46289118997092
9,-23.774646143226395
10,24.99299066192967
11,-48.71451977093946
12,-74.93963564897446
13,175.44685307334865
14,56.360819711013136
15,-5.68907511992151
16,34.85373379194127
17,-17.627983777213068
18,15.515612715326355
19,153.21627122294547
20,-36.257010629209766
21,-32.05827006898863
22,42.28407225380329
23,204.25668541789267
24,-160.3012243732683
25,-179.4245209953567
26,7.308858401667005
27,-183.8747305763629
28,198.64050590106922
29,-112.79559399646986
30,112.94500975416337
31,-24.213053089576547
32,-55.11318679305489
33,99.13554519813486
34,-27.628333613930284
35,68.0613985082293
36,145.7724872175982
37,-76.31063873704751
38,-179.8221062249011
39,103.15505189531389
40,45.80797590626018
41,-30.226076599684706
42,-94.26255172772188
43,183.33829889852112
44,-76.53918260402392
45,221.36236380631482
46,37.26392609911594
47,-163.40342489208388
48,6.407750782784075
49,87.95170353975415
50,-94.22538876984484
51,-51.929469236808806
52,-10.101717263903579
53,21.14770865510832
54,31.84103360732185
55,-93.61608188793362
56,-22.18262784980149
57,-78.57029498826044
58,-67.73831026370738
59,-171.35979647085475
60,55.21207166493034
61,168.32823202435094
62,-50.186706171288535
63,90.7639210844689
64,-29.831125215393172
65,129.30049831660972
66,71.41013658051709
67,13.21133931221405
68,-49.16891374373938
69,-61.46853654241366
70,139.98561957693943
71,222.40297112629645
72,-70.43698698784361
73,-38.52972021629545
74,-5.715916718376887
75,82.02748308706917
76,-57.930180872336805
77,-8.331384363046208
78,-147.1032667389962
79,23.911738393349477
80,51.82385135080044
81,-141.23959381360314
82,-188.33738352136305
83,58.87931846467102
84,12.830062395094666
85,39.96450433409361
86,-135.72106118587698
87,-191.84234306013397
88,-129.58675482911883
89,-108.43609422549328
90,94.38734547974305
91,246.83101502155412
92,-165.37285291288035
93,23.15670424944352
94,-83.88315065135832
95,118.97300564157455
96,-37.954913402683715
97,-130.1573952621362
98,-217.17081155457848
99,-69.46450298694421
100,78.74999766565963
101,-26.47381994978043
102,-153.06912140085447
103,-155.3589792616245
104,13.220951335486445
105,226.19219618096585
106,47.97176885236489
107,-116.46830779887922
108,35.91051599496756
109,-4.897647546800763
110,-20.10867734857314
111,35.14092981882459
112,71.13440285693237
113,-77.41775877609528
114,31.15395112366846
115,-62.67699853609248
116,227.95722544898808
117,151.0350584252144
118,21.967082522356005
119,-17.273304112111607
120,-20.41802619288154
121,51.87603477243618
122,86.38911985279232
123,-99.96997473107095
124,-0.9930276591701649
125,-52.06003420194182
126,-54.49613541673043
127,-162.20167454933747
128,-68.96659118610337
129,59.048146577972425
130,-77.07413748929014
131,126.00987797849122
132,-75.14300400064822
133,27.07780770621417
134,-0.5688455442647408
135,13.33889073427161
136,45.91547078309021
137,156.68699355071516
138,222.78068227583194
139,-55.748098826771425
140,-60.66078964655206
141,-97.54315832479867
142,102.12900188220245
143,74.2729357957444
144,16.61614050037662
145,-147.2145979029689
146,104.06929258804684
147,-138.35889188851223
148,-11.65377444249555
149,43.72250770626464
150,100.56744825689654
151,-64.38424618262515
152,47.317135816430536
153,-224.44942574847389
154,131.86823596989746
155,66.290747349383
156,-43.01633434602659
157,-61.39384996166925
158,-17.096680072323014
159,30.460686052159286
160,16.82311947874975
161,77.14221516154389
162,254.01937674062785
163,55.24764701484734
164,73.99367861212184
165,-68.7262971719677
166,-27.392022148461198
167,205.92630853178372
168,54.49226558851503
169,64.49760175193335
170,-93.60939702451577
171,164.68695484057108
172,224.56307102723056
173,85.95412035517377
174,187.65852482150177
175,-109.6982904886409
176,-41.65154240475099
177,-109.1824178202974
178,-50.82997036352518
179,-207.09702697270836
180,16.48484456091076
181,-165.01051844918317
182,-65.9066370528017
183,186.20516845465656
184,-147.23173683796304
185,-3.041541848794083
186,-184.52135013169325
187,-207.9622538112561
188,-27.332305234006878
189,208.20990138673116
190,199.32930931202023
191,85.24832247272205
192,161.95693772648661
193,92.82760696398607
194,-70.07133362633972
195,-8.432625195084947
196,-114.4632070524086
197,74.78742764721201
198,183.60261999210584
199,-109.16319030108033
200,117.62723609469647
201,-62.31192116803624
202,80.90537158147615
203,119.8903633125341
204,125.38592757437016
205,60.27530651589662
206,-119.58723524923731
207,59.759932008574005
208,-215.69443563492928
209,-98.11650094932577
210,111.21203841130954
211,-75.08870592453913
212,46.25237971250127
213,25.085574376267015
214,-46.28489324339269
215,-110.06227529996889
216,83.6508519404938
217,-178.00319612378922
218,10.785895626283086
219,131.2180600426939
220,0.47675284379218574
221,-118.57085152905638
222,114.90830242957648
223,59.027130983950954
224,-53.32275458640088
225,-306.1859346527348
226,-86.46019716308281
227,50.545899042449136
228,124.0614666242832
229,-42.01350553070686
230,62.664877677316134
231,-70.98567767615503
232,-168.84116394287793
233,-90.28604396572251
234,5.028109975111267
235,102.96158672546926
236,-118.43286222422076
237,97.66408801361278
238,224.18786917521064
239,232.08988791142258
240,-31.756199683263873
241,-73.85475915152772
242,-28.176482082705153
243,50.598914154820136
244,-68.5170090637558
245,-24.89765550719844
246,-86.08345410289394
247,-111.78575931114392
248,25.03397379068542
249,-111.01721375996392
250,-109.79959024144611
251,-9.499737297542156
252,62.46723957391043
253,-148.59167066699203
254,-50.986001149065004
255,-41.98986994071276
256,75.58758989352089
257,22.103752124650008
258,68.73597837707865
259,-26.344814927343535
260,-63.28851761041117
261,-138.75701993259955
262,-6.492063077936809
263,-0.40556709847421457
264,10.738402108562203
265,-165.11056087202314
266,23.80864360555723
267,196.12796383187992
268,-90.5610990132893
269,-58.85463441631988
270,-68.25871166567619
271,11.54269081398866
272,-58.04966108992095
273,-10.849178528560175
274,50.494479031849465
275,-33.74183867311238
276,16.99724577572381
277,207.24766697314277
278,84.60198686285948
279,145.6722501973627
280,61.337858680414165
281,-149.9948825614153
282,-123.20891433259857
283,-134.14593702051366
284,73.67944747313577
285,13.13507193444595
286,-112.0596285749576
287,-181.59778761057055
288,18.62733099847411
289,88.86942547134664
290,-73.19103579438521
291,-12.46112670532884
292,171.51113105217604
293,4.602995001852257
294,141.65556576133253
295,16.237713463243036
296,-106.45940002557876
297,54.7867223580735
298,22.974013308983697
299,-178.33469839877776
300,161.30663841015377
301,-83.01904651285076
302,32.63159996842643
303,51.788746148215125
304,54.26166502499837
305,69.66241578946854
306,-71.00224356019943
307,-243.69786245651008
308,-50.41604961948129
309,-85.81824675671817
310,254.58372932386382
311,154.2872872028677
312,91.69609699612329
313,65.12913393491142
314,45.421412926231895
315,34.67457858288207
316,30.485866181183635
317,-177.6059854432517
318,-155.98861128431383
319,-105.4479096370274
320,-80.16049149081442
321,62.369121247628385
322,-155.46207391466547
323,-110.71455365187884
324,-79.32202668950455
325,133.96322996812438
326,32.348610078253365
327,31.367107317590996
328,61.223751125443194
329,-12.784222747601248
330,157.92296578646364
331,-9.88497565013139
332,106.92742975653152
333,166.7515016722117
334,151.22955989816518
335,-137.487037328991
336,-35.65995165543116
337,-72.75244023466782
338,74.2182655456011
339,-66.17006028478679
340,-14.761873446360006
341,101.55546088902364
342,-4.936583834466541
343,-84.4678453373104
344,-58.01281154768214
345,124.11747922059062
346,74.3610246969313
347,7.870850663888417
348,-104.29590815286979
349,-74.15347596798343
350,-154.12138333695586
351,-97.26529950582795
352,174.18985787259615
353,80.39772162291793
354,-174.55710468204194
355,-41.7894075253595
356,-9.072624205001512
357,130.8945658012785
358,141.83851925231977
359,-84.58036623471648
360,-15.590581834886017
361,42.676070524652495
362,-114.66437465136538
363,-113.53440556300288
364,-6.555898464996648
365,67.21391500292225
366,-67.70449606761069
367,89.94951743895979
368,40.69310479243478
369,-142.96675647930445
370,71.05433896189878
371,-167.01414250230224
372,63.61341525514355
373,-71.33641560829518
374,16.83550691068712
375,-36.701629619737986
376,57.60173507518268
377,-72.82025860910072
378,-128.68501458685554
379,-47.18715811783901
380,161.843210363654
381,-94.20473593338494
382,-151.67991177391585
383,42.82193741373752
384,57.737113125999215
385,-125.82192365513407
386,112.73572015454398
387,101.08766054234643
388,43.09033945536399
389,-60.85261776009037
390,62.741111082358906
391,162.93368443985463
392,92.13926376378859
393,21.581597290872917
394,-284.9725163208142
395,-122.9895286529533
396,26.03017712048024
397,-26.787668685574726
398,50.56329833585617
399,13.329240589826517
